1 95
2 36
3 34
4 32
5 32
6 18
7 19
8 24
9 16
10 14
11 20
12 13
13 19
14 13
15 8
16 13
17 14
18 19
19 17
20 16
21 13
22 14
23 18
24 18
25 11
26 11
27 20
28 17
29 12
30 14
31 8
32 8
33 10
34 10
35 10
36 10
37 5
38 7
39 10
40 8
41 8
42 9
43 7
44 9
45 9
46 7
47 6
48 5
49 9
50 7
51 7
52 8
53 6
54 6
55 5
56 3
57 4
58 4
59 4
60 5
61 6
62 4
63 3
64 2
65 2
66 3
67 1
68 4
69 6
70 4
71 4
72 5
73 2
74 4
75 1
77 1
78 4
79 2
80 1
81 5
82 6
83 3
84 2
85 2
86 3
87 1
89 3
90 3
91 1
93 1
94 1
95 1
96 2
97 1
99 2
101 1
103 1
104 3
105 1
106 1
108 1
109 1
111 1
113 1
114 1
117 2
118 1
119 2
120 1
122 1
123 1
124 1
127 1
128 1
129 2
130 1
132 1
133 1
136 1
137 3
138 1
139 2
140 3
144 2
152 1
157 1
162 1
166 1
168 1
169 1
171 1
175 1
178 1
183 1
214 1
216 1
219 1
231 1
232 1
345 1
